{
  "advancedEditorSelectedIdentifier" : "BehaviorsPluginID",
  "openSceneRelativePaths" : [
    "Immersive.usda"
  ],
  "recentIdentifiers" : {
    "C6A7F375-BFE9-46E0-9EA6-1A6B150F43FD" : [

    ]
  },
  "sceneCameraHistory" : {
    "C6A7F375-BFE9-46E0-9EA6-1A6B150F43FD" : [
      {
        "date" : 753020957.237586,
        "title" : "Untitled",
        "transform" : [
          0.94373834,
          1.4382673e-08,
          -0.3306932,
          0,
          -0.014284288,
          0.99906665,
          -0.040764444,
          0,
          0.3303842,
          0.04319433,
          0.9428576,
          0,
          -0.08456537,
          0.011113803,
          1.235698,
          1
        ]
      },
      {
        "date" : 753020946.28824,
        "title" : "Untitled",
        "transform" : [
          0.9718091,
          2.3588811e-08,
          -0.23576924,
          0,
          -0.11779673,
          0.8662407,
          -0.4855419,
          0,
          0.2042326,
          0.49962658,
          0.84182084,
          0,
          -0.23485859,
          0.5020967,
          1.0776677,
          1
        ]
      },
      {
        "date" : 753020938.107156,
        "title" : "Untitled",
        "transform" : [
          0.9718091,
          2.3588811e-08,
          -0.23576924,
          0,
          -0.11779673,
          0.8662407,
          -0.4855419,
          0,
          0.2042326,
          0.49962658,
          0.84182084,
          0,
          -0.18547603,
          0.3965232,
          0.85107195,
          1
        ]
      },
      {
        "date" : 753020933.038005,
        "title" : "Untitled",
        "transform" : [
          0.9718091,
          2.3588811e-08,
          -0.23576924,
          0,
          -0.11779673,
          0.8662407,
          -0.4855419,
          0,
          0.2042326,
          0.49962658,
          0.84182084,
          0,
          -0.17332928,
          0.66664976,
          1.2088333,
          1
        ]
      },
      {
        "date" : 753020928.649476,
        "title" : "Untitled",
        "transform" : [
          0.9836987,
          2.2879817e-08,
          -0.1798249,
          0,
          -0.12177883,
          0.7357922,
          -0.6661679,
          0,
          0.13231348,
          0.6772071,
          0.7237981,
          0,
          -0.2733593,
          0.8987915,
          1.026251,
          1
        ]
      },
      {
        "date" : 753020925.896526,
        "title" : "Untitled",
        "transform" : [
          0.9836987,
          2.2879817e-08,
          -0.1798249,
          0,
          -0.12177883,
          0.7357922,
          -0.6661679,
          0,
          0.13231348,
          0.6772071,
          0.7237981,
          0,
          -0.3710794,
          1.2200902,
          1.3931137,
          1
        ]
      },
      {
        "date" : 753020921.739935,
        "title" : "Untitled",
        "transform" : [
          0.99886394,
          2.3836442e-08,
          -0.047654394,
          0,
          -0.000812123,
          0.9998548,
          -0.017020214,
          0,
          0.047647167,
          0.017039241,
          0.99871886,
          0,
          -0.17662896,
          0.015101694,
          0.6042091,
          1
        ]
      },
      {
        "date" : 753020906.757885,
        "title" : "Untitled",
        "transform" : [
          0.99886394,
          2.3836442e-08,
          -0.047654394,
          0,
          -0.000812123,
          0.9998548,
          -0.017020214,
          0,
          0.047647167,
          0.017039241,
          0.99871886,
          0,
          -0.14606069,
          0.088415034,
          0.60149986,
          1
        ]
      },
      {
        "date" : 753020853.855224,
        "title" : "Untitled",
        "transform" : [
          0.99886394,
          2.3836442e-08,
          -0.047654394,
          0,
          -0.000812123,
          0.9998548,
          -0.017020214,
          0,
          0.047647167,
          0.017039241,
          0.99871886,
          0,
          0.12829347,
          0.13732764,
          0.82166827,
          1
        ]
      },
      {
        "date" : 753020851.865644,
        "title" : "Untitled",
        "transform" : [
          0.89716005,
          2.3836442e-08,
          0.44170573,
          0,
          0.0075263786,
          0.9998548,
          -0.015287278,
          0,
          -0.44164184,
          0.017039241,
          0.8970296,
          0,
          -0.25305492,
          0.13732764,
          0.6558646,
          1
        ]
      }
    ]
  },
  "sceneViewportBackgroundColors" : {

  }
}